{"Aptus state": 1,
"center": [-0.029582575351645476,0.69733037453751001],
"diam": [6.7310462592735931e-006,5.7568158796650337e-006],
"iter_limit": 20000,
"palette_phase": 16,
"supersample": 1,
"size": [638,515],
"palette": [["spectrum",{"ncolors":12,"l":[50,150]}],["stretch",{"steps":25,"hsl":true}]]
}
